{
 "cells": [
  {
   "cell_type": "markdown",
   "metadata": {},
   "source": [
    "# Project 2.1: Modeling the Price of Vehicles\n",
    "## Part 2: Exploratory Data Analysis with Automobile Dataset\n",
    "\n",
    "For this dataset, we will try to build a model to determine the price of a vehicle. For this lab, we will complete the data cleaning and exploratory data analysis required to build our model. Cleaning the dataset and identifying features which relate to vehicle price is critical to building a model to answer our question. A future lab will use our findings here to actually create the model. This notebook contains part 2 of this lab and is worth 6 points.\n",
    "\n",
    "**Rubric**\n",
    "- 6 pts - Contains all required components and uses professional language\n",
    "- 5 pts - Contains all required components, but uses unprofessional language, formating, etc.\n",
    "- 4 pts - Contains some, but not all, of the required components\n",
    "- 3 pts - Did not submit\n",
    "\n",
    "**This is the second part of the lab, please complete part 1 first.**"
   ]
  },
  {
   "cell_type": "markdown",
   "metadata": {},
   "source": [
    "## Getting the data \n",
    "Import `pandas` and use `.read_csv()` to create your dataframe from the CSV you just cleaned. Print the first 10 rows to make sure you have the right dataframe. If you are concerned your data has not been cleaned correctly, use `auto_cleaned.csv` provided in the GitHub."
   ]
  },
  {
   "cell_type": "code",
   "execution_count": 2492,
   "metadata": {},
   "outputs": [
    {
     "data": {
      "text/html": [
       "<div>\n",
       "<style scoped>\n",
       "    .dataframe tbody tr th:only-of-type {\n",
       "        vertical-align: middle;\n",
       "    }\n",
       "\n",
       "    .dataframe tbody tr th {\n",
       "        vertical-align: top;\n",
       "    }\n",
       "\n",
       "    .dataframe thead th {\n",
       "        text-align: right;\n",
       "    }\n",
       "</style>\n",
       "<table border=\"1\" class=\"dataframe\">\n",
       "  <thead>\n",
       "    <tr style=\"text-align: right;\">\n",
       "      <th></th>\n",
       "      <th>symboling</th>\n",
       "      <th>normalized-losses</th>\n",
       "      <th>make</th>\n",
       "      <th>num-of-doors</th>\n",
       "      <th>body-style</th>\n",
       "      <th>drive-wheels</th>\n",
       "      <th>engine-location</th>\n",
       "      <th>wheel-base</th>\n",
       "      <th>length</th>\n",
       "      <th>width</th>\n",
       "      <th>...</th>\n",
       "      <th>city-mpg</th>\n",
       "      <th>highway-mpg</th>\n",
       "      <th>price</th>\n",
       "      <th>highway-L/100km</th>\n",
       "      <th>city-L/100km</th>\n",
       "      <th>horsepower-binned</th>\n",
       "      <th>fuel-type-diesel</th>\n",
       "      <th>fuel-type-gas</th>\n",
       "      <th>aspiration-type-standard</th>\n",
       "      <th>aspiration-type-turbo</th>\n",
       "    </tr>\n",
       "  </thead>\n",
       "  <tbody>\n",
       "    <tr>\n",
       "      <th>0</th>\n",
       "      <td>3</td>\n",
       "      <td>122.0</td>\n",
       "      <td>alfa-romero</td>\n",
       "      <td>two</td>\n",
       "      <td>convertible</td>\n",
       "      <td>rwd</td>\n",
       "      <td>front</td>\n",
       "      <td>88.6</td>\n",
       "      <td>0.811148</td>\n",
       "      <td>0.890278</td>\n",
       "      <td>...</td>\n",
       "      <td>21</td>\n",
       "      <td>27</td>\n",
       "      <td>16500</td>\n",
       "      <td>8.711667</td>\n",
       "      <td>11.200714</td>\n",
       "      <td>Low</td>\n",
       "      <td>False</td>\n",
       "      <td>True</td>\n",
       "      <td>True</td>\n",
       "      <td>False</td>\n",
       "    </tr>\n",
       "    <tr>\n",
       "      <th>1</th>\n",
       "      <td>1</td>\n",
       "      <td>122.0</td>\n",
       "      <td>alfa-romero</td>\n",
       "      <td>two</td>\n",
       "      <td>hatchback</td>\n",
       "      <td>rwd</td>\n",
       "      <td>front</td>\n",
       "      <td>94.5</td>\n",
       "      <td>0.822681</td>\n",
       "      <td>0.909722</td>\n",
       "      <td>...</td>\n",
       "      <td>19</td>\n",
       "      <td>26</td>\n",
       "      <td>16500</td>\n",
       "      <td>9.046731</td>\n",
       "      <td>12.379737</td>\n",
       "      <td>Medium</td>\n",
       "      <td>False</td>\n",
       "      <td>True</td>\n",
       "      <td>True</td>\n",
       "      <td>False</td>\n",
       "    </tr>\n",
       "    <tr>\n",
       "      <th>2</th>\n",
       "      <td>2</td>\n",
       "      <td>164.0</td>\n",
       "      <td>audi</td>\n",
       "      <td>four</td>\n",
       "      <td>sedan</td>\n",
       "      <td>fwd</td>\n",
       "      <td>front</td>\n",
       "      <td>99.8</td>\n",
       "      <td>0.848630</td>\n",
       "      <td>0.919444</td>\n",
       "      <td>...</td>\n",
       "      <td>24</td>\n",
       "      <td>30</td>\n",
       "      <td>13950</td>\n",
       "      <td>7.840500</td>\n",
       "      <td>9.800625</td>\n",
       "      <td>Low</td>\n",
       "      <td>False</td>\n",
       "      <td>True</td>\n",
       "      <td>True</td>\n",
       "      <td>False</td>\n",
       "    </tr>\n",
       "    <tr>\n",
       "      <th>3</th>\n",
       "      <td>2</td>\n",
       "      <td>164.0</td>\n",
       "      <td>audi</td>\n",
       "      <td>four</td>\n",
       "      <td>sedan</td>\n",
       "      <td>4wd</td>\n",
       "      <td>front</td>\n",
       "      <td>99.4</td>\n",
       "      <td>0.848630</td>\n",
       "      <td>0.922222</td>\n",
       "      <td>...</td>\n",
       "      <td>18</td>\n",
       "      <td>22</td>\n",
       "      <td>17450</td>\n",
       "      <td>10.691591</td>\n",
       "      <td>13.067500</td>\n",
       "      <td>Low</td>\n",
       "      <td>False</td>\n",
       "      <td>True</td>\n",
       "      <td>True</td>\n",
       "      <td>False</td>\n",
       "    </tr>\n",
       "    <tr>\n",
       "      <th>4</th>\n",
       "      <td>2</td>\n",
       "      <td>122.0</td>\n",
       "      <td>audi</td>\n",
       "      <td>two</td>\n",
       "      <td>sedan</td>\n",
       "      <td>fwd</td>\n",
       "      <td>front</td>\n",
       "      <td>99.8</td>\n",
       "      <td>0.851994</td>\n",
       "      <td>0.920833</td>\n",
       "      <td>...</td>\n",
       "      <td>19</td>\n",
       "      <td>25</td>\n",
       "      <td>15250</td>\n",
       "      <td>9.408600</td>\n",
       "      <td>12.379737</td>\n",
       "      <td>Low</td>\n",
       "      <td>False</td>\n",
       "      <td>True</td>\n",
       "      <td>True</td>\n",
       "      <td>False</td>\n",
       "    </tr>\n",
       "  </tbody>\n",
       "</table>\n",
       "<p>5 rows × 31 columns</p>\n",
       "</div>"
      ],
      "text/plain": [
       "   symboling  normalized-losses         make num-of-doors   body-style  \\\n",
       "0          3              122.0  alfa-romero          two  convertible   \n",
       "1          1              122.0  alfa-romero          two    hatchback   \n",
       "2          2              164.0         audi         four        sedan   \n",
       "3          2              164.0         audi         four        sedan   \n",
       "4          2              122.0         audi          two        sedan   \n",
       "\n",
       "  drive-wheels engine-location  wheel-base    length     width  ...  city-mpg  \\\n",
       "0          rwd           front        88.6  0.811148  0.890278  ...        21   \n",
       "1          rwd           front        94.5  0.822681  0.909722  ...        19   \n",
       "2          fwd           front        99.8  0.848630  0.919444  ...        24   \n",
       "3          4wd           front        99.4  0.848630  0.922222  ...        18   \n",
       "4          fwd           front        99.8  0.851994  0.920833  ...        19   \n",
       "\n",
       "   highway-mpg  price highway-L/100km  city-L/100km horsepower-binned  \\\n",
       "0           27  16500        8.711667     11.200714               Low   \n",
       "1           26  16500        9.046731     12.379737            Medium   \n",
       "2           30  13950        7.840500      9.800625               Low   \n",
       "3           22  17450       10.691591     13.067500               Low   \n",
       "4           25  15250        9.408600     12.379737               Low   \n",
       "\n",
       "   fuel-type-diesel  fuel-type-gas  aspiration-type-standard  \\\n",
       "0             False           True                      True   \n",
       "1             False           True                      True   \n",
       "2             False           True                      True   \n",
       "3             False           True                      True   \n",
       "4             False           True                      True   \n",
       "\n",
       "   aspiration-type-turbo  \n",
       "0                  False  \n",
       "1                  False  \n",
       "2                  False  \n",
       "3                  False  \n",
       "4                  False  \n",
       "\n",
       "[5 rows x 31 columns]"
      ]
     },
     "metadata": {},
     "output_type": "display_data"
    }
   ],
   "source": [
    "import pandas as pd\n",
    "\n",
    "cars = pd.read_csv(\"cleaned_automobile.csv\")\n",
    "cars.drop(\"Unnamed: 0\", axis=1, inplace=True)\n",
    "display(cars.head(5))\n"
   ]
  },
  {
   "cell_type": "markdown",
   "metadata": {},
   "source": [
    "## Exploratory Data Analysis\n",
    "\n",
    "The question we want to investigate is:  **What are the main characteristics that have the most impact on the car price?**\n",
    "\n",
    "To do so, let's look at some of our different features. \n",
    "\n",
    "For this lab, we will use the library  `seaborn` in addition to `matplotlib.pyplot` and `numpy`. This will allow use to make plots of the relationship between variables, and see the variability on our plots on the same graph. seaborn is built on matplotlib and the two libraries interact. Typically, we import seaborn as `sns`."
   ]
  },
  {
   "cell_type": "code",
   "execution_count": 2493,
   "metadata": {},
   "outputs": [],
   "source": [
    "import seaborn as sns\n",
    "import matplotlib.pyplot as plt\n",
    "import numpy as np"
   ]
  },
  {
   "cell_type": "markdown",
   "metadata": {},
   "source": [
    "### How to choose the right visualization method?\n",
    "When visualizing individual variables, it is important to first understand what type of variable you are dealing with. This will help us find the right visualization method for that variable. Remember `.dtypes` from the last notebook."
   ]
  },
  {
   "cell_type": "code",
   "execution_count": 2494,
   "metadata": {},
   "outputs": [
    {
     "data": {
      "text/plain": [
       "symboling                     int64\n",
       "normalized-losses           float64\n",
       "make                         object\n",
       "num-of-doors                 object\n",
       "body-style                   object\n",
       "drive-wheels                 object\n",
       "engine-location              object\n",
       "wheel-base                  float64\n",
       "length                      float64\n",
       "width                       float64\n",
       "height                      float64\n",
       "curb-weight                   int64\n",
       "engine-type                  object\n",
       "num-of-cylinders             object\n",
       "engine-size                   int64\n",
       "fuel-system                  object\n",
       "bore                        float64\n",
       "stroke                      float64\n",
       "compression-ratio           float64\n",
       "horsepower                    int64\n",
       "peak-rpm                    float64\n",
       "city-mpg                      int64\n",
       "highway-mpg                   int64\n",
       "price                         int64\n",
       "highway-L/100km             float64\n",
       "city-L/100km                float64\n",
       "horsepower-binned            object\n",
       "fuel-type-diesel               bool\n",
       "fuel-type-gas                  bool\n",
       "aspiration-type-standard       bool\n",
       "aspiration-type-turbo          bool\n",
       "dtype: object"
      ]
     },
     "execution_count": 2494,
     "metadata": {},
     "output_type": "execute_result"
    }
   ],
   "source": [
    "cars.dtypes"
   ]
  },
  {
   "cell_type": "markdown",
   "metadata": {},
   "source": [
    "We can calculate the correlation between variables  of type \"int64\" or \"float64\" using the pandas method `.corr()`. *This should automatically ignore non-numeric columns, but if it doesn't you can create a dataframe of only numeric columns with `df.select_dtypes(include=['int', 'float'])`*"
   ]
  },
  {
   "cell_type": "code",
   "execution_count": 2495,
   "metadata": {},
   "outputs": [
    {
     "data": {
      "text/html": [
       "<div>\n",
       "<style scoped>\n",
       "    .dataframe tbody tr th:only-of-type {\n",
       "        vertical-align: middle;\n",
       "    }\n",
       "\n",
       "    .dataframe tbody tr th {\n",
       "        vertical-align: top;\n",
       "    }\n",
       "\n",
       "    .dataframe thead th {\n",
       "        text-align: right;\n",
       "    }\n",
       "</style>\n",
       "<table border=\"1\" class=\"dataframe\">\n",
       "  <thead>\n",
       "    <tr style=\"text-align: right;\">\n",
       "      <th></th>\n",
       "      <th>symboling</th>\n",
       "      <th>normalized-losses</th>\n",
       "      <th>wheel-base</th>\n",
       "      <th>length</th>\n",
       "      <th>width</th>\n",
       "      <th>height</th>\n",
       "      <th>curb-weight</th>\n",
       "      <th>engine-size</th>\n",
       "      <th>bore</th>\n",
       "      <th>stroke</th>\n",
       "      <th>compression-ratio</th>\n",
       "      <th>horsepower</th>\n",
       "      <th>peak-rpm</th>\n",
       "      <th>city-mpg</th>\n",
       "      <th>highway-mpg</th>\n",
       "      <th>price</th>\n",
       "      <th>highway-L/100km</th>\n",
       "      <th>city-L/100km</th>\n",
       "    </tr>\n",
       "  </thead>\n",
       "  <tbody>\n",
       "    <tr>\n",
       "      <th>symboling</th>\n",
       "      <td>1.000000</td>\n",
       "      <td>0.469772</td>\n",
       "      <td>-0.529145</td>\n",
       "      <td>-0.364511</td>\n",
       "      <td>-0.237262</td>\n",
       "      <td>-0.542261</td>\n",
       "      <td>-0.234743</td>\n",
       "      <td>-0.112069</td>\n",
       "      <td>-0.145667</td>\n",
       "      <td>0.008244</td>\n",
       "      <td>-0.181073</td>\n",
       "      <td>0.074581</td>\n",
       "      <td>0.284011</td>\n",
       "      <td>-0.030158</td>\n",
       "      <td>0.041248</td>\n",
       "      <td>-0.083327</td>\n",
       "      <td>-0.033159</td>\n",
       "      <td>0.062423</td>\n",
       "    </tr>\n",
       "    <tr>\n",
       "      <th>normalized-losses</th>\n",
       "      <td>0.469772</td>\n",
       "      <td>1.000000</td>\n",
       "      <td>-0.057068</td>\n",
       "      <td>0.019433</td>\n",
       "      <td>0.086961</td>\n",
       "      <td>-0.377664</td>\n",
       "      <td>0.099404</td>\n",
       "      <td>0.112362</td>\n",
       "      <td>-0.029867</td>\n",
       "      <td>0.055759</td>\n",
       "      <td>-0.114738</td>\n",
       "      <td>0.217323</td>\n",
       "      <td>0.239580</td>\n",
       "      <td>-0.225255</td>\n",
       "      <td>-0.182011</td>\n",
       "      <td>0.133999</td>\n",
       "      <td>0.181247</td>\n",
       "      <td>0.238712</td>\n",
       "    </tr>\n",
       "    <tr>\n",
       "      <th>wheel-base</th>\n",
       "      <td>-0.529145</td>\n",
       "      <td>-0.057068</td>\n",
       "      <td>1.000000</td>\n",
       "      <td>0.879005</td>\n",
       "      <td>0.814593</td>\n",
       "      <td>0.583789</td>\n",
       "      <td>0.787584</td>\n",
       "      <td>0.576779</td>\n",
       "      <td>0.501534</td>\n",
       "      <td>0.144675</td>\n",
       "      <td>0.249689</td>\n",
       "      <td>0.375732</td>\n",
       "      <td>-0.364971</td>\n",
       "      <td>-0.480029</td>\n",
       "      <td>-0.552211</td>\n",
       "      <td>0.589147</td>\n",
       "      <td>0.584953</td>\n",
       "      <td>0.484047</td>\n",
       "    </tr>\n",
       "    <tr>\n",
       "      <th>length</th>\n",
       "      <td>-0.364511</td>\n",
       "      <td>0.019433</td>\n",
       "      <td>0.879005</td>\n",
       "      <td>1.000000</td>\n",
       "      <td>0.857271</td>\n",
       "      <td>0.492955</td>\n",
       "      <td>0.881058</td>\n",
       "      <td>0.685531</td>\n",
       "      <td>0.610817</td>\n",
       "      <td>0.120888</td>\n",
       "      <td>0.159203</td>\n",
       "      <td>0.580477</td>\n",
       "      <td>-0.286754</td>\n",
       "      <td>-0.667658</td>\n",
       "      <td>-0.700186</td>\n",
       "      <td>0.691044</td>\n",
       "      <td>0.708466</td>\n",
       "      <td>0.659174</td>\n",
       "    </tr>\n",
       "    <tr>\n",
       "      <th>width</th>\n",
       "      <td>-0.237262</td>\n",
       "      <td>0.086961</td>\n",
       "      <td>0.814593</td>\n",
       "      <td>0.857271</td>\n",
       "      <td>1.000000</td>\n",
       "      <td>0.300995</td>\n",
       "      <td>0.867720</td>\n",
       "      <td>0.731100</td>\n",
       "      <td>0.548478</td>\n",
       "      <td>0.182855</td>\n",
       "      <td>0.189008</td>\n",
       "      <td>0.617032</td>\n",
       "      <td>-0.247388</td>\n",
       "      <td>-0.638155</td>\n",
       "      <td>-0.684700</td>\n",
       "      <td>0.752795</td>\n",
       "      <td>0.739845</td>\n",
       "      <td>0.677111</td>\n",
       "    </tr>\n",
       "    <tr>\n",
       "      <th>height</th>\n",
       "      <td>-0.542261</td>\n",
       "      <td>-0.377664</td>\n",
       "      <td>0.583789</td>\n",
       "      <td>0.492955</td>\n",
       "      <td>0.300995</td>\n",
       "      <td>1.000000</td>\n",
       "      <td>0.310660</td>\n",
       "      <td>0.076255</td>\n",
       "      <td>0.187794</td>\n",
       "      <td>-0.081273</td>\n",
       "      <td>0.259526</td>\n",
       "      <td>-0.085725</td>\n",
       "      <td>-0.315756</td>\n",
       "      <td>-0.057087</td>\n",
       "      <td>-0.111568</td>\n",
       "      <td>0.137284</td>\n",
       "      <td>0.088903</td>\n",
       "      <td>0.008923</td>\n",
       "    </tr>\n",
       "    <tr>\n",
       "      <th>curb-weight</th>\n",
       "      <td>-0.234743</td>\n",
       "      <td>0.099404</td>\n",
       "      <td>0.787584</td>\n",
       "      <td>0.881058</td>\n",
       "      <td>0.867720</td>\n",
       "      <td>0.310660</td>\n",
       "      <td>1.000000</td>\n",
       "      <td>0.849090</td>\n",
       "      <td>0.644532</td>\n",
       "      <td>0.168642</td>\n",
       "      <td>0.156444</td>\n",
       "      <td>0.758095</td>\n",
       "      <td>-0.279411</td>\n",
       "      <td>-0.750390</td>\n",
       "      <td>-0.795515</td>\n",
       "      <td>0.834420</td>\n",
       "      <td>0.837217</td>\n",
       "      <td>0.785868</td>\n",
       "    </tr>\n",
       "    <tr>\n",
       "      <th>engine-size</th>\n",
       "      <td>-0.112069</td>\n",
       "      <td>0.112362</td>\n",
       "      <td>0.576779</td>\n",
       "      <td>0.685531</td>\n",
       "      <td>0.731100</td>\n",
       "      <td>0.076255</td>\n",
       "      <td>0.849090</td>\n",
       "      <td>1.000000</td>\n",
       "      <td>0.572786</td>\n",
       "      <td>0.208004</td>\n",
       "      <td>0.029005</td>\n",
       "      <td>0.822656</td>\n",
       "      <td>-0.256702</td>\n",
       "      <td>-0.651002</td>\n",
       "      <td>-0.679877</td>\n",
       "      <td>0.872337</td>\n",
       "      <td>0.783593</td>\n",
       "      <td>0.745337</td>\n",
       "    </tr>\n",
       "    <tr>\n",
       "      <th>bore</th>\n",
       "      <td>-0.145667</td>\n",
       "      <td>-0.029867</td>\n",
       "      <td>0.501534</td>\n",
       "      <td>0.610817</td>\n",
       "      <td>0.548478</td>\n",
       "      <td>0.187794</td>\n",
       "      <td>0.644532</td>\n",
       "      <td>0.572786</td>\n",
       "      <td>1.000000</td>\n",
       "      <td>-0.051087</td>\n",
       "      <td>0.002021</td>\n",
       "      <td>0.566690</td>\n",
       "      <td>-0.267010</td>\n",
       "      <td>-0.581365</td>\n",
       "      <td>-0.590753</td>\n",
       "      <td>0.543431</td>\n",
       "      <td>0.558759</td>\n",
       "      <td>0.554069</td>\n",
       "    </tr>\n",
       "    <tr>\n",
       "      <th>stroke</th>\n",
       "      <td>0.008244</td>\n",
       "      <td>0.055759</td>\n",
       "      <td>0.144675</td>\n",
       "      <td>0.120888</td>\n",
       "      <td>0.182855</td>\n",
       "      <td>-0.081273</td>\n",
       "      <td>0.168642</td>\n",
       "      <td>0.208004</td>\n",
       "      <td>-0.051087</td>\n",
       "      <td>1.000000</td>\n",
       "      <td>0.186761</td>\n",
       "      <td>0.100351</td>\n",
       "      <td>-0.066173</td>\n",
       "      <td>-0.040677</td>\n",
       "      <td>-0.040282</td>\n",
       "      <td>0.083296</td>\n",
       "      <td>0.051148</td>\n",
       "      <td>0.041470</td>\n",
       "    </tr>\n",
       "    <tr>\n",
       "      <th>compression-ratio</th>\n",
       "      <td>-0.181073</td>\n",
       "      <td>-0.114738</td>\n",
       "      <td>0.249689</td>\n",
       "      <td>0.159203</td>\n",
       "      <td>0.189008</td>\n",
       "      <td>0.259526</td>\n",
       "      <td>0.156444</td>\n",
       "      <td>0.029005</td>\n",
       "      <td>0.002021</td>\n",
       "      <td>0.186761</td>\n",
       "      <td>1.000000</td>\n",
       "      <td>-0.214162</td>\n",
       "      <td>-0.436244</td>\n",
       "      <td>0.330897</td>\n",
       "      <td>0.267929</td>\n",
       "      <td>0.071176</td>\n",
       "      <td>-0.222957</td>\n",
       "      <td>-0.298898</td>\n",
       "    </tr>\n",
       "    <tr>\n",
       "      <th>horsepower</th>\n",
       "      <td>0.074581</td>\n",
       "      <td>0.217323</td>\n",
       "      <td>0.375732</td>\n",
       "      <td>0.580477</td>\n",
       "      <td>0.617032</td>\n",
       "      <td>-0.085725</td>\n",
       "      <td>0.758095</td>\n",
       "      <td>0.822656</td>\n",
       "      <td>0.566690</td>\n",
       "      <td>0.100351</td>\n",
       "      <td>-0.214162</td>\n",
       "      <td>1.000000</td>\n",
       "      <td>0.108161</td>\n",
       "      <td>-0.822397</td>\n",
       "      <td>-0.804714</td>\n",
       "      <td>0.809779</td>\n",
       "      <td>0.840687</td>\n",
       "      <td>0.889584</td>\n",
       "    </tr>\n",
       "    <tr>\n",
       "      <th>peak-rpm</th>\n",
       "      <td>0.284011</td>\n",
       "      <td>0.239580</td>\n",
       "      <td>-0.364971</td>\n",
       "      <td>-0.286754</td>\n",
       "      <td>-0.247388</td>\n",
       "      <td>-0.315756</td>\n",
       "      <td>-0.279411</td>\n",
       "      <td>-0.256702</td>\n",
       "      <td>-0.267010</td>\n",
       "      <td>-0.066173</td>\n",
       "      <td>-0.436244</td>\n",
       "      <td>0.108161</td>\n",
       "      <td>1.000000</td>\n",
       "      <td>-0.116308</td>\n",
       "      <td>-0.059326</td>\n",
       "      <td>-0.101519</td>\n",
       "      <td>0.018183</td>\n",
       "      <td>0.116510</td>\n",
       "    </tr>\n",
       "    <tr>\n",
       "      <th>city-mpg</th>\n",
       "      <td>-0.030158</td>\n",
       "      <td>-0.225255</td>\n",
       "      <td>-0.480029</td>\n",
       "      <td>-0.667658</td>\n",
       "      <td>-0.638155</td>\n",
       "      <td>-0.057087</td>\n",
       "      <td>-0.750390</td>\n",
       "      <td>-0.651002</td>\n",
       "      <td>-0.581365</td>\n",
       "      <td>-0.040677</td>\n",
       "      <td>0.330897</td>\n",
       "      <td>-0.822397</td>\n",
       "      <td>-0.116308</td>\n",
       "      <td>1.000000</td>\n",
       "      <td>0.972024</td>\n",
       "      <td>-0.687186</td>\n",
       "      <td>-0.909113</td>\n",
       "      <td>-0.949692</td>\n",
       "    </tr>\n",
       "    <tr>\n",
       "      <th>highway-mpg</th>\n",
       "      <td>0.041248</td>\n",
       "      <td>-0.182011</td>\n",
       "      <td>-0.552211</td>\n",
       "      <td>-0.700186</td>\n",
       "      <td>-0.684700</td>\n",
       "      <td>-0.111568</td>\n",
       "      <td>-0.795515</td>\n",
       "      <td>-0.679877</td>\n",
       "      <td>-0.590753</td>\n",
       "      <td>-0.040282</td>\n",
       "      <td>0.267929</td>\n",
       "      <td>-0.804714</td>\n",
       "      <td>-0.059326</td>\n",
       "      <td>0.972024</td>\n",
       "      <td>1.000000</td>\n",
       "      <td>-0.705115</td>\n",
       "      <td>-0.951133</td>\n",
       "      <td>-0.929940</td>\n",
       "    </tr>\n",
       "    <tr>\n",
       "      <th>price</th>\n",
       "      <td>-0.083327</td>\n",
       "      <td>0.133999</td>\n",
       "      <td>0.589147</td>\n",
       "      <td>0.691044</td>\n",
       "      <td>0.752795</td>\n",
       "      <td>0.137284</td>\n",
       "      <td>0.834420</td>\n",
       "      <td>0.872337</td>\n",
       "      <td>0.543431</td>\n",
       "      <td>0.083296</td>\n",
       "      <td>0.071176</td>\n",
       "      <td>0.809779</td>\n",
       "      <td>-0.101519</td>\n",
       "      <td>-0.687186</td>\n",
       "      <td>-0.705115</td>\n",
       "      <td>1.000000</td>\n",
       "      <td>0.801313</td>\n",
       "      <td>0.790291</td>\n",
       "    </tr>\n",
       "    <tr>\n",
       "      <th>highway-L/100km</th>\n",
       "      <td>-0.033159</td>\n",
       "      <td>0.181247</td>\n",
       "      <td>0.584953</td>\n",
       "      <td>0.708466</td>\n",
       "      <td>0.739845</td>\n",
       "      <td>0.088903</td>\n",
       "      <td>0.837217</td>\n",
       "      <td>0.783593</td>\n",
       "      <td>0.558759</td>\n",
       "      <td>0.051148</td>\n",
       "      <td>-0.222957</td>\n",
       "      <td>0.840687</td>\n",
       "      <td>0.018183</td>\n",
       "      <td>-0.909113</td>\n",
       "      <td>-0.951133</td>\n",
       "      <td>0.801313</td>\n",
       "      <td>1.000000</td>\n",
       "      <td>0.958312</td>\n",
       "    </tr>\n",
       "    <tr>\n",
       "      <th>city-L/100km</th>\n",
       "      <td>0.062423</td>\n",
       "      <td>0.238712</td>\n",
       "      <td>0.484047</td>\n",
       "      <td>0.659174</td>\n",
       "      <td>0.677111</td>\n",
       "      <td>0.008923</td>\n",
       "      <td>0.785868</td>\n",
       "      <td>0.745337</td>\n",
       "      <td>0.554069</td>\n",
       "      <td>0.041470</td>\n",
       "      <td>-0.298898</td>\n",
       "      <td>0.889584</td>\n",
       "      <td>0.116510</td>\n",
       "      <td>-0.949692</td>\n",
       "      <td>-0.929940</td>\n",
       "      <td>0.790291</td>\n",
       "      <td>0.958312</td>\n",
       "      <td>1.000000</td>\n",
       "    </tr>\n",
       "  </tbody>\n",
       "</table>\n",
       "</div>"
      ],
      "text/plain": [
       "                   symboling  normalized-losses  wheel-base    length  \\\n",
       "symboling           1.000000           0.469772   -0.529145 -0.364511   \n",
       "normalized-losses   0.469772           1.000000   -0.057068  0.019433   \n",
       "wheel-base         -0.529145          -0.057068    1.000000  0.879005   \n",
       "length             -0.364511           0.019433    0.879005  1.000000   \n",
       "width              -0.237262           0.086961    0.814593  0.857271   \n",
       "height             -0.542261          -0.377664    0.583789  0.492955   \n",
       "curb-weight        -0.234743           0.099404    0.787584  0.881058   \n",
       "engine-size        -0.112069           0.112362    0.576779  0.685531   \n",
       "bore               -0.145667          -0.029867    0.501534  0.610817   \n",
       "stroke              0.008244           0.055759    0.144675  0.120888   \n",
       "compression-ratio  -0.181073          -0.114738    0.249689  0.159203   \n",
       "horsepower          0.074581           0.217323    0.375732  0.580477   \n",
       "peak-rpm            0.284011           0.239580   -0.364971 -0.286754   \n",
       "city-mpg           -0.030158          -0.225255   -0.480029 -0.667658   \n",
       "highway-mpg         0.041248          -0.182011   -0.552211 -0.700186   \n",
       "price              -0.083327           0.133999    0.589147  0.691044   \n",
       "highway-L/100km    -0.033159           0.181247    0.584953  0.708466   \n",
       "city-L/100km        0.062423           0.238712    0.484047  0.659174   \n",
       "\n",
       "                      width    height  curb-weight  engine-size      bore  \\\n",
       "symboling         -0.237262 -0.542261    -0.234743    -0.112069 -0.145667   \n",
       "normalized-losses  0.086961 -0.377664     0.099404     0.112362 -0.029867   \n",
       "wheel-base         0.814593  0.583789     0.787584     0.576779  0.501534   \n",
       "length             0.857271  0.492955     0.881058     0.685531  0.610817   \n",
       "width              1.000000  0.300995     0.867720     0.731100  0.548478   \n",
       "height             0.300995  1.000000     0.310660     0.076255  0.187794   \n",
       "curb-weight        0.867720  0.310660     1.000000     0.849090  0.644532   \n",
       "engine-size        0.731100  0.076255     0.849090     1.000000  0.572786   \n",
       "bore               0.548478  0.187794     0.644532     0.572786  1.000000   \n",
       "stroke             0.182855 -0.081273     0.168642     0.208004 -0.051087   \n",
       "compression-ratio  0.189008  0.259526     0.156444     0.029005  0.002021   \n",
       "horsepower         0.617032 -0.085725     0.758095     0.822656  0.566690   \n",
       "peak-rpm          -0.247388 -0.315756    -0.279411    -0.256702 -0.267010   \n",
       "city-mpg          -0.638155 -0.057087    -0.750390    -0.651002 -0.581365   \n",
       "highway-mpg       -0.684700 -0.111568    -0.795515    -0.679877 -0.590753   \n",
       "price              0.752795  0.137284     0.834420     0.872337  0.543431   \n",
       "highway-L/100km    0.739845  0.088903     0.837217     0.783593  0.558759   \n",
       "city-L/100km       0.677111  0.008923     0.785868     0.745337  0.554069   \n",
       "\n",
       "                     stroke  compression-ratio  horsepower  peak-rpm  \\\n",
       "symboling          0.008244          -0.181073    0.074581  0.284011   \n",
       "normalized-losses  0.055759          -0.114738    0.217323  0.239580   \n",
       "wheel-base         0.144675           0.249689    0.375732 -0.364971   \n",
       "length             0.120888           0.159203    0.580477 -0.286754   \n",
       "width              0.182855           0.189008    0.617032 -0.247388   \n",
       "height            -0.081273           0.259526   -0.085725 -0.315756   \n",
       "curb-weight        0.168642           0.156444    0.758095 -0.279411   \n",
       "engine-size        0.208004           0.029005    0.822656 -0.256702   \n",
       "bore              -0.051087           0.002021    0.566690 -0.267010   \n",
       "stroke             1.000000           0.186761    0.100351 -0.066173   \n",
       "compression-ratio  0.186761           1.000000   -0.214162 -0.436244   \n",
       "horsepower         0.100351          -0.214162    1.000000  0.108161   \n",
       "peak-rpm          -0.066173          -0.436244    0.108161  1.000000   \n",
       "city-mpg          -0.040677           0.330897   -0.822397 -0.116308   \n",
       "highway-mpg       -0.040282           0.267929   -0.804714 -0.059326   \n",
       "price              0.083296           0.071176    0.809779 -0.101519   \n",
       "highway-L/100km    0.051148          -0.222957    0.840687  0.018183   \n",
       "city-L/100km       0.041470          -0.298898    0.889584  0.116510   \n",
       "\n",
       "                   city-mpg  highway-mpg     price  highway-L/100km  \\\n",
       "symboling         -0.030158     0.041248 -0.083327        -0.033159   \n",
       "normalized-losses -0.225255    -0.182011  0.133999         0.181247   \n",
       "wheel-base        -0.480029    -0.552211  0.589147         0.584953   \n",
       "length            -0.667658    -0.700186  0.691044         0.708466   \n",
       "width             -0.638155    -0.684700  0.752795         0.739845   \n",
       "height            -0.057087    -0.111568  0.137284         0.088903   \n",
       "curb-weight       -0.750390    -0.795515  0.834420         0.837217   \n",
       "engine-size       -0.651002    -0.679877  0.872337         0.783593   \n",
       "bore              -0.581365    -0.590753  0.543431         0.558759   \n",
       "stroke            -0.040677    -0.040282  0.083296         0.051148   \n",
       "compression-ratio  0.330897     0.267929  0.071176        -0.222957   \n",
       "horsepower        -0.822397    -0.804714  0.809779         0.840687   \n",
       "peak-rpm          -0.116308    -0.059326 -0.101519         0.018183   \n",
       "city-mpg           1.000000     0.972024 -0.687186        -0.909113   \n",
       "highway-mpg        0.972024     1.000000 -0.705115        -0.951133   \n",
       "price             -0.687186    -0.705115  1.000000         0.801313   \n",
       "highway-L/100km   -0.909113    -0.951133  0.801313         1.000000   \n",
       "city-L/100km      -0.949692    -0.929940  0.790291         0.958312   \n",
       "\n",
       "                   city-L/100km  \n",
       "symboling              0.062423  \n",
       "normalized-losses      0.238712  \n",
       "wheel-base             0.484047  \n",
       "length                 0.659174  \n",
       "width                  0.677111  \n",
       "height                 0.008923  \n",
       "curb-weight            0.785868  \n",
       "engine-size            0.745337  \n",
       "bore                   0.554069  \n",
       "stroke                 0.041470  \n",
       "compression-ratio     -0.298898  \n",
       "horsepower             0.889584  \n",
       "peak-rpm               0.116510  \n",
       "city-mpg              -0.949692  \n",
       "highway-mpg           -0.929940  \n",
       "price                  0.790291  \n",
       "highway-L/100km        0.958312  \n",
       "city-L/100km           1.000000  "
      ]
     },
     "metadata": {},
     "output_type": "display_data"
    }
   ],
   "source": [
    "cars_only_nums = cars.select_dtypes(include=[\"int\", \"float\"])\n",
    "display(cars_only_nums.corr())"
   ]
  },
  {
   "cell_type": "markdown",
   "metadata": {},
   "source": [
    "The diagonal elements are always one; we will study correlation more precisely Pearson correlation in-depth at the end of the notebook. The basic idea is that a **correlation coefficient** is a numerical measure of the linear relationship between two variables. 1 is the strongest possible positive correlation, -1 is the strongest possible negative correlation, and 0 is no correlation.\n",
    "\n",
    "Find the correlation between the following columns: `bore`, `stroke`, `compression-ratio`, and `horsepower`. *Hint: if you would like to select those columns, use the following syntax: `df[['bore','stroke','compression-ratio','horsepower']]`*"
   ]
  },
  {
   "cell_type": "code",
   "execution_count": 2496,
   "metadata": {},
   "outputs": [
    {
     "data": {
      "text/html": [
       "<div>\n",
       "<style scoped>\n",
       "    .dataframe tbody tr th:only-of-type {\n",
       "        vertical-align: middle;\n",
       "    }\n",
       "\n",
       "    .dataframe tbody tr th {\n",
       "        vertical-align: top;\n",
       "    }\n",
       "\n",
       "    .dataframe thead th {\n",
       "        text-align: right;\n",
       "    }\n",
       "</style>\n",
       "<table border=\"1\" class=\"dataframe\">\n",
       "  <thead>\n",
       "    <tr style=\"text-align: right;\">\n",
       "      <th></th>\n",
       "      <th>bore</th>\n",
       "      <th>stroke</th>\n",
       "      <th>compression-ratio</th>\n",
       "      <th>horsepower</th>\n",
       "    </tr>\n",
       "  </thead>\n",
       "  <tbody>\n",
       "    <tr>\n",
       "      <th>bore</th>\n",
       "      <td>1.000000</td>\n",
       "      <td>-0.051087</td>\n",
       "      <td>0.002021</td>\n",
       "      <td>0.566690</td>\n",
       "    </tr>\n",
       "    <tr>\n",
       "      <th>stroke</th>\n",
       "      <td>-0.051087</td>\n",
       "      <td>1.000000</td>\n",
       "      <td>0.186761</td>\n",
       "      <td>0.100351</td>\n",
       "    </tr>\n",
       "    <tr>\n",
       "      <th>compression-ratio</th>\n",
       "      <td>0.002021</td>\n",
       "      <td>0.186761</td>\n",
       "      <td>1.000000</td>\n",
       "      <td>-0.214162</td>\n",
       "    </tr>\n",
       "    <tr>\n",
       "      <th>horsepower</th>\n",
       "      <td>0.566690</td>\n",
       "      <td>0.100351</td>\n",
       "      <td>-0.214162</td>\n",
       "      <td>1.000000</td>\n",
       "    </tr>\n",
       "  </tbody>\n",
       "</table>\n",
       "</div>"
      ],
      "text/plain": [
       "                       bore    stroke  compression-ratio  horsepower\n",
       "bore               1.000000 -0.051087           0.002021    0.566690\n",
       "stroke            -0.051087  1.000000           0.186761    0.100351\n",
       "compression-ratio  0.002021  0.186761           1.000000   -0.214162\n",
       "horsepower         0.566690  0.100351          -0.214162    1.000000"
      ]
     },
     "metadata": {},
     "output_type": "display_data"
    }
   ],
   "source": [
    "display(cars[[\"bore\", \"stroke\", \"compression-ratio\", \"horsepower\"]].corr())"
   ]
  },
  {
   "cell_type": "markdown",
   "metadata": {},
   "source": [
    "#### Continuous numerical variables\n",
    "\n",
    "Continuous numerical variables are variables that may contain any value within some range. They can be of type \"int64\" or \"float64\". A great way to visualize these variables is by using scatterplots with fitted lines.\n",
    "\n",
    "In order to start understanding the (linear) relationship between an individual variable and the price, we can use `regplot` which plots the scatterplot plus the fitted regression line for the data. This will be useful later on for visualizing the fit of the simple linear regression model we will build in the next lab as well. \n",
    "\n",
    "Let's see several examples of different linear relationships.\n",
    "\n",
    "\n",
    "**Strong Linear Relationship**\n",
    "Let's make the scatterplot of `engine-size` and `price`. We are going to use seaborn's `regplot()` like this:\n",
    "`sns.regplot(x=\"engine-size\", y=\"price\", data=df)`. Use the `plt` functions we know to start the y axis at 0 and add a title and axis labels."
   ]
  },
  {
   "cell_type": "code",
   "execution_count": 2497,
   "metadata": {},
   "outputs": [
    {
     "data": {
